Result: [-16.5, 16.5] values: [0.06604966975165298, -0.06604966975165298] action: day and night
Result: [12.0, -12.0] values: [-0.00022499887500561865, 0.00022499887500561865] action: night
Result: [-27.5, 27.5] values: [0.0369124077189815, -0.0369124077189815] action: day and night
